min : 4.149946485e-14
max : 1.817052148e-12
avg : 3.580950925e-13
sd : 4.503525044e-13
timeAvg : 0.3304131333