min : 9.475192212e-07
max : 9.598608911e-06
avg : 3.702132465e-06
sd : 2.06979853e-06
timeAvg : 0.9105074333