min : 3.445054198e-11
max : 4.97242709e-10
avg : 1.596897222e-10
sd : 1.046863159e-10
timeAvg : 0.4919336667