min : -9.657259029
max : -9.265625599
avg : -9.536531356
sd : 0.09727178475
timeAvg : 1.132623133