min : -28.00450778
max : -26.23658146
avg : -27.13450493
sd : 0.4823763162
timeAvg : 2.928736767