min : -4.693468452
max : -4.692734864
avg : -4.693436439
sd : 0.0001310977172
timeAvg : 0.7385933667