min : 8.802913953e-10
max : 1.235817747
avg : 0.1235791086
sd : 0.3707355941
timeAvg : 0.5895440333