min : 4.13155386
max : 28.4159005
avg : 14.2273632
sd : 5.730321832
timeAvg : 1.415252733