min : 1.051603249e-12
max : 3.523581427e-11
avg : 1.037013438e-11
sd : 9.349296141e-12
timeAvg : 0.4916203