min : -2094.914436
max : -2094.70647
avg : -2094.903123
sd : 0.04100927989
timeAvg : 0.5014024