min : -12568.20105
max : -12410.66695
avg : -12495.54426
sd : 49.48430235
timeAvg : 1.587733367