min : -4189.825741
max : -4189.204991
avg : -4189.450556
sd : 0.1588487661
timeAvg : 0.6962501